-0.19452362		0.535727723
-0.151964005	0.397980039
-0.111142011	0.303210598
-0.071921297	0.243523001
-0.041615948	0.188525617
-0.034180969	0.174638542
-0.026800862	0.166066845
-0.019474822	0.158300503
-0.012202063	0.154282053
-0.004981815	0.151216288
0.002186675		0.149194102
0.009304143		0.148999782
0.01637131		0.14939067
0.023388882		0.151620144
0.030357552		0.154736198
0.037277995		0.160017814
0.044150874		0.168114211
0.050976839		0.174766369
0.071179546		0.208300952
0.103969369		0.257080881
0.135718067		0.312211302
